-0.2736236392816931 -0.27393753714605956 -0.27350288382528853 -0.27396800287630607 -0.2737580157823368
-0.27534629481078665 -0.2758129160511079 -0.2753704988436979 -0.27599642424703197 -0.2756315334881561
-0.2719009837525995 -0.27206215824101126 -0.2716352688068791 -0.2719395815055802 -0.2718844980765175
-0.2901902962894121 -0.28999568156883887 -0.2908188804599677 -0.29181065411801194 -0.2907038781090576
-0.2913433083385718 -0.2919363456291464 -0.2929703173011903 -0.2943631953090041 -0.2926532916444782
-0.28903728424025243 -0.28805501750853135 -0.28866744361874513 -0.2892581129270198 -0.2887544645736372
-0.3140290222865982 -0.31275612002833875 -0.3130072397798817 -0.3175360756936841 -0.31433211444712567
-0.31806434740278133 -0.31661125887900343 -0.317064409970346 -0.32162776627850015 -0.3183419456326577
-0.30999369717041503 -0.30890098117767406 -0.3089500695894174 -0.3134443851088681 -0.3103222832615936

