-0.2750878964814226 -0.2755316092153507 -0.2750903565909365 -0.2756921610414231 -0.2753505058322832
-0.276751981722527 -0.27734322523762733 -0.27689447269872003 -0.27765161608554434 -0.2771603239361047
-0.2734238112403182 -0.27371999319307394 -0.27328624048315303 -0.2737327059973019 -0.27354068772846174
-0.2914931999049626 -0.2921886319569863 -0.29325000409054924 -0.29469502566383304 -0.2929067154040828
-0.29259409580950024 -0.29404157800176794 -0.29530419598654856 -0.29713219199299234 -0.29476801544770226
-0.29039230400042493 -0.2903356859122047 -0.29119581219454993 -0.29225785933467374 -0.29104541536046336
-0.31935565143996 -0.3178449033112162 -0.31836270443129455 -0.3229371072656413 -0.319625091612028
-0.3231779113900087 -0.3214964908305658 -0.3222056560357024 -0.326812756587579 -0.323423203710964
-0.3155333914899113 -0.31419331579186655 -0.31451975282688677 -0.31906145794370355 -0.315826979513092

